<?xml version="1.0"?>
<opencv_storage>
<Distortion type_id="opencv-matrix">
  <rows>5</rows>
  <cols>1</cols>
  <dt>f</dt>
  <data>
    1.42493621e-01 -2.23366901e-01 4.88487585e-03 1.22705288e-03
    -8.03617239e-02</data></Distortion>
</opencv_storage>
