<?xml version="1.0"?>
<opencv_storage>
<Distortion type_id="opencv-matrix">
  <rows>5</rows>
  <cols>1</cols>
  <dt>f</dt>
  <data>
    8.47560540e-02 -1.59805864e-01 3.15651810e-03 -2.69217649e-03
    8.56272429e-02</data></Distortion>
</opencv_storage>
